01/08/2019 22.00  22.00  -0.20 (-0.90 %)    1936680  42690000000  0  0  22.10  22.15  21.90 
31/07/2019 22.20  22.20  0.35 (1.60 %)    3870500  84847000000  0  0  21.85  22.20  21.80 
30/07/2019 21.85  21.85  -0.60 (-2.67 %)    4153160  92374000000  0  0  22.45  22.60  21.85 
29/07/2019 22.45  22.45  0.10 (0.45 %)    4606870  103089000000  2261716  51280012400  22.40  22.50  22.30 
26/07/2019 22.35  22.35  -0.05 (-0.22 %)    4449350  99304000000  0  0  22.40  22.45  22.20 
25/07/2019 22.40  22.40  -0.20 (-0.88 %)    5063140  114340000000  143000  3213600000  22.50  22.80  22.35 
24/07/2019 22.60  22.60  -0.10 (-0.44 %)    5461810  124369000000  0  0  22.80  23.00  22.60 
23/07/2019 22.70  22.70  0.50 (2.25 %)    7265310  163493000000  0  0  22.30  22.75  22.15 
22/07/2019 22.20  22.20  0.00 (0.00 %)    5785830  129163000000  123000  2730600000  22.30  22.60  22.15 
19/07/2019 22.20  22.20  0.00 (0.00 %)    4650480  103823000000  0  0  22.40  22.45  22.20 
18/07/2019 22.20  22.20  0.10 (0.45 %)    5142150  113668000000  0  0  21.90  22.20  21.90 
17/07/2019 22.10  22.10  0.35 (1.61 %)    8006500  176074000000  200000  4200000000  21.80  22.20  21.70 
16/07/2019 21.75  21.75  0.30 (1.40 %)    4957340  107925000000  49867  1072140500  21.55  21.95  21.55 
15/07/2019 21.45  21.45  0.10 (0.47 %)    2869250  61338000000  0  0  21.45  21.50  21.25 
12/07/2019 21.35  21.35  -0.05 (-0.23 %)    5292040  114215000000  0  0  21.45  21.75  21.35 
11/07/2019 21.40  21.40  0.30 (1.42 %)    2732500  58201000000  780900  17609295000  21.20  21.45  21.10 
10/07/2019 21.10  21.10  -0.10 (-0.47 %)    2550800  54292000000  0  0  21.30  21.45  21.10 
09/07/2019 21.20  21.20  0.10 (0.47 %)    1687150  35643000000  0  0  21.10  21.25  21.00 
08/07/2019 21.10  21.10  -0.20 (-0.94 %)    2397440  50763000000  0  0  21.25  21.40  21.00 
05/07/2019 21.30  21.30  0.15 (0.71 %)    2644580  56333000000  238288  5385308800  21.20  21.40  21.20 
